Ainit T val
0 1 0
2 1 1
4 1 2
6 1 2
8 1 1
10 1 2
12 1 1
14 1 1
16 1 1
18 1 1
20 1 1
22 1 1
24 1 1
26 1 1
28 1 1
30 1 1
32 1 1
34 1 1
36 1 1
38 1 1
40 1 1
42 1 1
44 1 1
46 1 1
48 1 1
50 1 1
0 41 0
2 41 1
4 41 1
6 41 2
8 41 2
10 41 2
12 41 2
14 41 1
16 41 1
18 41 1
20 41 1
22 41 1
24 41 1
26 41 1
28 41 1
30 41 1
32 41 1
34 41 1
36 41 1
38 41 1
40 41 1
42 41 1
44 41 1
46 41 1
48 41 1
50 41 1
0 81 0
2 81 2
4 81 2
6 81 2
8 81 2
10 81 1
12 81 2
14 81 2
16 81 1
18 81 1
20 81 1
22 81 1
24 81 1
26 81 1
28 81 1
30 81 1
32 81 1
34 81 1
36 81 1
38 81 1
40 81 1
42 81 1
44 81 1
46 81 1
48 81 1
50 81 1
0 121 0
2 121 2
4 121 2
6 121 1
8 121 2
10 121 2
12 121 2
14 121 1
16 121 1
18 121 1
20 121 1
22 121 1
24 121 1
26 121 1
28 121 1
30 121 1
32 121 1
34 121 1
36 121 1
38 121 1
40 121 1
42 121 1
44 121 1
46 121 1
48 121 1
50 121 1
0 161 0
2 161 1
4 161 2
6 161 1
8 161 2
10 161 2
12 161 1
14 161 2
16 161 1
18 161 1
20 161 1
22 161 1
24 161 1
26 161 1
28 161 1
30 161 1
32 161 1
34 161 1
36 161 1
38 161 1
40 161 1
42 161 1
44 161 1
46 161 1
48 161 1
50 161 1
0 201 0
2 201 1
4 201 1
6 201 1
8 201 1
10 201 1
12 201 1
14 201 1
16 201 1
18 201 1
20 201 1
22 201 1
24 201 1
26 201 1
28 201 1
30 201 1
32 201 1
34 201 1
36 201 1
38 201 1
40 201 1
42 201 1
44 201 1
46 201 1
48 201 1
50 201 1
0 241 0
2 241 1
4 241 2
6 241 2
8 241 2
10 241 2
12 241 2
14 241 2
16 241 1
18 241 1
20 241 1
22 241 1
24 241 1
26 241 1
28 241 1
30 241 1
32 241 1
34 241 1
36 241 1
38 241 1
40 241 1
42 241 1
44 241 1
46 241 1
48 241 1
50 241 1
0 281 0
2 281 1
4 281 1
6 281 2
8 281 1
10 281 2
12 281 2
14 281 1
16 281 1
18 281 1
20 281 1
22 281 1
24 281 1
26 281 1
28 281 1
30 281 1
32 281 1
34 281 1
36 281 1
38 281 1
40 281 1
42 281 1
44 281 1
46 281 1
48 281 1
50 281 1
0 321 0
2 321 1
4 321 2
6 321 1
8 321 1
10 321 1
12 321 2
14 321 2
16 321 1
18 321 2
20 321 1
22 321 1
24 321 2
26 321 2
28 321 2
30 321 2
32 321 2
34 321 2
36 321 1
38 321 2
40 321 1
42 321 2
44 321 2
46 321 2
48 321 2
50 321 2
0 361 0
2 361 1
4 361 2
6 361 1
8 361 1
10 361 1
12 361 1
14 361 2
16 361 2
18 361 2
20 361 1
22 361 1
24 361 1
26 361 1
28 361 1
30 361 1
32 361 1
34 361 1
36 361 1
38 361 1
40 361 2
42 361 1
44 361 1
46 361 1
48 361 1
50 361 1
0 401 0
2 401 1
4 401 2
6 401 2
8 401 2
10 401 1
12 401 2
14 401 1
16 401 1
18 401 2
20 401 2
22 401 2
24 401 1
26 401 2
28 401 2
30 401 1
32 401 1
34 401 1
36 401 1
38 401 2
40 401 1
42 401 1
44 401 2
46 401 2
48 401 1
50 401 1
0 441 0
2 441 0
4 441 1
6 441 0
8 441 1
10 441 2
12 441 2
14 441 2
16 441 2
18 441 1
20 441 1
22 441 1
24 441 1
26 441 1
28 441 2
30 441 1
32 441 1
34 441 2
36 441 2
38 441 2
40 441 1
42 441 1
44 441 1
46 441 2
48 441 2
50 441 1
0 481 0
2 481 0
4 481 2
6 481 1
8 481 1
10 481 1
12 481 1
14 481 1
16 481 2
18 481 2
20 481 1
22 481 2
24 481 0
26 481 1
28 481 1
30 481 1
32 481 2
34 481 2
36 481 1
38 481 1
40 481 2
42 481 1
44 481 1
46 481 2
48 481 1
50 481 1
0 521 0
2 521 0
4 521 0
6 521 0
8 521 0
10 521 0
12 521 1
14 521 1
16 521 1
18 521 1
20 521 0
22 521 1
24 521 1
26 521 0
28 521 1
30 521 1
32 521 1
34 521 1
36 521 1
38 521 1
40 521 1
42 521 1
44 521 1
46 521 1
48 521 1
50 521 1
0 561 0
2 561 0
4 561 0
6 561 0
8 561 0
10 561 0
12 561 0
14 561 1
16 561 1
18 561 1
20 561 0
22 561 0
24 561 0
26 561 1
28 561 1
30 561 0
32 561 1
34 561 1
36 561 1
38 561 1
40 561 1
42 561 0
44 561 0
46 561 0
48 561 1
50 561 1
0 601 0
2 601 0
4 601 0
6 601 0
8 601 1
10 601 0
12 601 0
14 601 0
16 601 1
18 601 0
20 601 0
22 601 0
24 601 1
26 601 0
28 601 1
30 601 0
32 601 0
34 601 0
36 601 0
38 601 0
40 601 0
42 601 0
44 601 1
46 601 0
48 601 0
50 601 0
0 641 0
2 641 0
4 641 0
6 641 0
8 641 0
10 641 0
12 641 0
14 641 0
16 641 0
18 641 0
20 641 0
22 641 0
24 641 0
26 641 1
28 641 0
30 641 1
32 641 0
34 641 0
36 641 0
38 641 0
40 641 0
42 641 0
44 641 2
46 641 0
48 641 2
50 641 1
0 681 0
2 681 0
4 681 0
6 681 0
8 681 0
10 681 0
12 681 0
14 681 0
16 681 0
18 681 0
20 681 2
22 681 0
24 681 0
26 681 0
28 681 0
30 681 0
32 681 0
34 681 0
36 681 0
38 681 0
40 681 0
42 681 2
44 681 0
46 681 0
48 681 0
50 681 1
0 721 0
2 721 0
4 721 0
6 721 0
8 721 0
10 721 0
12 721 0
14 721 0
16 721 0
18 721 0
20 721 0
22 721 0
24 721 0
26 721 0
28 721 0
30 721 0
32 721 0
34 721 0
36 721 0
38 721 0
40 721 0
42 721 0
44 721 0
46 721 0
48 721 0
50 721 1
0 761 0
2 761 0
4 761 0
6 761 0
8 761 0
10 761 0
12 761 0
14 761 0
16 761 0
18 761 0
20 761 0
22 761 0
24 761 0
26 761 0
28 761 0
30 761 0
32 761 0
34 761 0
36 761 0
38 761 0
40 761 0
42 761 0
44 761 0
46 761 0
48 761 0
50 761 0
0 801 0
2 801 0
4 801 0
6 801 0
8 801 0
10 801 0
12 801 0
14 801 0
16 801 0
18 801 0
20 801 0
22 801 0
24 801 0
26 801 0
28 801 0
30 801 0
32 801 0
34 801 0
36 801 0
38 801 0
40 801 0
42 801 0
44 801 0
46 801 0
48 801 0
50 801 0
1 2 1
3 2 1
5 2 1
7 2 1
9 2 2
11 2 1
13 2 1
15 2 1
17 2 1
19 2 1
21 2 1
23 2 1
25 2 1
27 2 1
29 2 1
31 2 1
33 2 1
35 2 1
37 2 1
39 2 1
41 2 1
43 2 1
45 2 1
47 2 1
49 2 1
1 42 2
3 42 1
5 42 2
7 42 2
9 42 1
11 42 2
13 42 2
15 42 1
17 42 1
19 42 1
21 42 1
23 42 1
25 42 1
27 42 1
29 42 1
31 42 1
33 42 1
35 42 1
37 42 1
39 42 1
41 42 1
43 42 1
45 42 1
47 42 1
49 42 1
1 82 1
3 82 1
5 82 2
7 82 2
9 82 2
11 82 2
13 82 2
15 82 2
17 82 1
19 82 1
21 82 1
23 82 1
25 82 1
27 82 1
29 82 1
31 82 1
33 82 1
35 82 1
37 82 1
39 82 1
41 82 1
43 82 1
45 82 1
47 82 1
49 82 1
1 122 1
3 122 2
5 122 2
7 122 2
9 122 1
11 122 2
13 122 2
15 122 1
17 122 1
19 122 1
21 122 1
23 122 1
25 122 1
27 122 1
29 122 1
31 122 1
33 122 1
35 122 1
37 122 1
39 122 1
41 122 1
43 122 1
45 122 1
47 122 1
49 122 1
1 162 2
3 162 2
5 162 2
7 162 2
9 162 2
11 162 2
13 162 2
15 162 2
17 162 1
19 162 1
21 162 1
23 162 1
25 162 1
27 162 1
29 162 1
31 162 1
33 162 1
35 162 1
37 162 1
39 162 1
41 162 1
43 162 1
45 162 1
47 162 1
49 162 1
1 202 1
3 202 1
5 202 2
7 202 2
9 202 2
11 202 2
13 202 1
15 202 1
17 202 1
19 202 1
21 202 1
23 202 1
25 202 1
27 202 1
29 202 1
31 202 1
33 202 1
35 202 1
37 202 1
39 202 1
41 202 1
43 202 1
45 202 1
47 202 1
49 202 1
1 242 1
3 242 1
5 242 2
7 242 1
9 242 2
11 242 1
13 242 1
15 242 1
17 242 1
19 242 1
21 242 1
23 242 1
25 242 1
27 242 1
29 242 1
31 242 1
33 242 1
35 242 1
37 242 1
39 242 1
41 242 1
43 242 1
45 242 1
47 242 1
49 242 1
1 282 1
3 282 1
5 282 1
7 282 1
9 282 2
11 282 2
13 282 2
15 282 1
17 282 1
19 282 1
21 282 1
23 282 1
25 282 1
27 282 1
29 282 1
31 282 1
33 282 1
35 282 1
37 282 1
39 282 1
41 282 1
43 282 1
45 282 1
47 282 1
49 282 1
1 322 1
3 322 1
5 322 2
7 322 2
9 322 2
11 322 2
13 322 1
15 322 2
17 322 1
19 322 2
21 322 2
23 322 2
25 322 1
27 322 2
29 322 2
31 322 2
33 322 2
35 322 2
37 322 2
39 322 2
41 322 1
43 322 2
45 322 1
47 322 2
49 322 2
1 362 1
3 362 1
5 362 1
7 362 1
9 362 2
11 362 1
13 362 1
15 362 2
17 362 1
19 362 1
21 362 1
23 362 1
25 362 2
27 362 1
29 362 1
31 362 1
33 362 1
35 362 2
37 362 2
39 362 1
41 362 1
43 362 2
45 362 1
47 362 1
49 362 1
1 402 0
3 402 1
5 402 1
7 402 2
9 402 1
11 402 2
13 402 1
15 402 2
17 402 1
19 402 1
21 402 1
23 402 1
25 402 1
27 402 2
29 402 1
31 402 2
33 402 1
35 402 1
37 402 1
39 402 2
41 402 2
43 402 1
45 402 2
47 402 2
49 402 2
1 442 0
3 442 1
5 442 1
7 442 1
9 442 1
11 442 1
13 442 1
15 442 2
17 442 1
19 442 2
21 442 2
23 442 1
25 442 1
27 442 2
29 442 2
31 442 2
33 442 1
35 442 2
37 442 1
39 442 1
41 442 2
43 442 2
45 442 2
47 442 2
49 442 2
1 482 0
3 482 0
5 482 1
7 482 1
9 482 2
11 482 1
13 482 0
15 482 2
17 482 1
19 482 1
21 482 1
23 482 1
25 482 2
27 482 1
29 482 1
31 482 0
33 482 2
35 482 2
37 482 2
39 482 2
41 482 2
43 482 1
45 482 2
47 482 2
49 482 2
1 522 0
3 522 0
5 522 0
7 522 1
9 522 0
11 522 1
13 522 1
15 522 0
17 522 1
19 522 1
21 522 1
23 522 1
25 522 1
27 522 1
29 522 1
31 522 1
33 522 1
35 522 1
37 522 1
39 522 1
41 522 1
43 522 1
45 522 1
47 522 1
49 522 1
1 562 0
3 562 0
5 562 0
7 562 1
9 562 1
11 562 0
13 562 1
15 562 0
17 562 0
19 562 1
21 562 1
23 562 0
25 562 1
27 562 1
29 562 0
31 562 1
33 562 0
35 562 1
37 562 1
39 562 1
41 562 2
43 562 1
45 562 0
47 562 0
49 562 1
1 602 0
3 602 0
5 602 0
7 602 0
9 602 0
11 602 0
13 602 0
15 602 0
17 602 0
19 602 0
21 602 0
23 602 0
25 602 1
27 602 0
29 602 0
31 602 2
33 602 0
35 602 0
37 602 1
39 602 0
41 602 1
43 602 0
45 602 0
47 602 1
49 602 0
1 642 0
3 642 0
5 642 0
7 642 0
9 642 2
11 642 0
13 642 0
15 642 0
17 642 0
19 642 0
21 642 0
23 642 0
25 642 0
27 642 0
29 642 0
31 642 0
33 642 1
35 642 0
37 642 2
39 642 0
41 642 0
43 642 0
45 642 1
47 642 0
49 642 0
1 682 0
3 682 0
5 682 0
7 682 0
9 682 0
11 682 0
13 682 0
15 682 0
17 682 0
19 682 0
21 682 0
23 682 0
25 682 0
27 682 0
29 682 0
31 682 0
33 682 0
35 682 0
37 682 0
39 682 1
41 682 0
43 682 0
45 682 0
47 682 0
49 682 0
1 722 0
3 722 0
5 722 0
7 722 0
9 722 0
11 722 0
13 722 0
15 722 0
17 722 0
19 722 0
21 722 0
23 722 0
25 722 0
27 722 0
29 722 0
31 722 0
33 722 0
35 722 0
37 722 0
39 722 0
41 722 0
43 722 0
45 722 1
47 722 0
49 722 1
1 762 0
3 762 0
5 762 0
7 762 0
9 762 0
11 762 0
13 762 0
15 762 0
17 762 0
19 762 0
21 762 0
23 762 0
25 762 0
27 762 0
29 762 0
31 762 0
33 762 0
35 762 0
37 762 0
39 762 0
41 762 0
43 762 0
45 762 1
47 762 0
49 762 1
