Ainit T val
0 1 0
2 1 1
4 1 1
6 1 1
8 1 1
10 1 1
12 1 1
14 1 1
16 1 1
18 1 1
20 1 1
22 1 1
24 1 1
26 1 1
28 1 1
30 1 1
32 1 1
34 1 1
36 1 1
38 1 1
40 1 1
42 1 1
44 1 1
46 1 1
48 1 1
50 1 1
0 31 0
2 31 1
4 31 1
6 31 1
8 31 1
10 31 1
12 31 1
14 31 1
16 31 1
18 31 1
20 31 1
22 31 1
24 31 1
26 31 1
28 31 1
30 31 1
32 31 1
34 31 1
36 31 1
38 31 1
40 31 1
42 31 1
44 31 1
46 31 1
48 31 1
50 31 1
0 61 0
2 61 1.00688
4 61 1
6 61 1.00293
8 61 1
10 61 1.00195
12 61 1.00684
14 61 1
16 61 1.01367
18 61 1.00391
20 61 1
22 61 1
24 61 1
26 61 1
28 61 1
30 61 1.00195
32 61 1
34 61 1
36 61 1
38 61 1.00098
40 61 1.00684
42 61 1.00781
44 61 1
46 61 1
48 61 1
50 61 1
0 91 0
2 91 1.05158
4 91 1.06445
6 91 1.05566
8 91 1.06055
10 91 1.02832
12 91 1.00977
14 91 1.08105
16 91 1.07422
18 91 1.04492
20 91 1.06348
22 91 1.03906
24 91 1.02051
26 91 1.07129
28 91 1.02637
30 91 1.03711
32 91 1.03223
34 91 1.06348
36 91 1.03516
38 91 1.09668
40 91 1.03223
42 91 1.03613
44 91 1.04492
46 91 1.08008
48 91 1.04199
50 91 1.01465
0 121 0
2 121 1.1174
4 121 1.14746
6 121 1.17383
8 121 1.21582
10 121 1.22949
12 121 1.18848
14 121 1.14648
16 121 1.2041
18 121 1.20117
20 121 1.20312
22 121 1.24512
24 121 1.20898
26 121 1.2334
28 121 1.14648
30 121 1.19824
32 121 1.12109
34 121 1.22559
36 121 1.18457
38 121 1.22461
40 121 1.1748
42 121 1.16309
44 121 1.21094
46 121 1.16602
48 121 1.21777
50 121 1.25195
0 151 0
2 151 1.20043
4 151 1.25293
6 151 1.28125
8 151 1.21875
10 151 1.26367
12 151 1.27344
14 151 1.21582
16 151 1.24512
18 151 1.26367
20 151 1.26465
22 151 1.2666
24 151 1.2207
26 151 1.26953
28 151 1.28809
30 151 1.23438
32 151 1.19629
34 151 1.2793
36 151 1.21582
38 151 1.27051
40 151 1.25098
42 151 1.25195
44 151 1.27051
46 151 1.26465
48 151 1.23145
50 151 1.28906
0 181 0
2 181 1.19194
4 181 1.27468
6 181 1.33398
8 181 1.30176
10 181 1.29199
12 181 1.29785
14 181 1.29785
16 181 1.33691
18 181 1.32617
20 181 1.31445
22 181 1.28809
24 181 1.30078
26 181 1.29883
28 181 1.28809
30 181 1.29883
32 181 1.32422
34 181 1.28906
36 181 1.30664
38 181 1.29395
40 181 1.33496
42 181 1.29395
44 181 1.24023
46 181 1.27637
48 181 1.27637
50 181 1.28906
0 211 0
2 211 1.28902
4 211 1.37081
6 211 1.3623
8 211 1.34668
10 211 1.38281
12 211 1.3877
14 211 1.36523
16 211 1.35645
18 211 1.33594
20 211 1.35254
22 211 1.34473
24 211 1.39062
26 211 1.4043
28 211 1.33594
30 211 1.3584
32 211 1.36133
34 211 1.35449
36 211 1.37109
38 211 1.36523
40 211 1.3584
42 211 1.33594
44 211 1.38281
46 211 1.36914
48 211 1.3291
50 211 1.37109
0 241 0
2 241 1.44236
4 241 1.54014
6 241 1.52344
8 241 1.49707
10 241 1.55762
12 241 1.50977
14 241 1.5332
16 241 1.55859
18 241 1.51074
20 241 1.54492
22 241 1.53125
24 241 1.53516
26 241 1.51074
28 241 1.5
30 241 1.48438
32 241 1.54102
34 241 1.53418
36 241 1.48633
38 241 1.5
40 241 1.56445
42 241 1.52441
44 241 1.60156
46 241 1.50293
48 241 1.51074
50 241 1.53906
0 271 0
2 271 1.24646
4 271 1.38889
6 271 1.39628
8 271 1.41992
10 271 1.43359
12 271 1.3877
14 271 1.36523
16 271 1.39648
18 271 1.38184
20 271 1.4082
22 271 1.4248
24 271 1.40332
26 271 1.40137
28 271 1.34473
30 271 1.35449
32 271 1.39453
34 271 1.40723
36 271 1.42773
38 271 1.38477
40 271 1.41016
42 271 1.37793
44 271 1.34766
46 271 1.39648
48 271 1.38086
50 271 1.40527
0 301 0
2 301 1.1944
4 301 1.36588
6 301 1.3783
8 301 1.4209
10 301 1.39551
12 301 1.4043
14 301 1.39941
16 301 1.3457
18 301 1.39648
20 301 1.40918
22 301 1.4541
24 301 1.38086
26 301 1.41602
28 301 1.38281
30 301 1.39355
32 301 1.43262
34 301 1.38477
36 301 1.36621
38 301 1.37207
40 301 1.39941
42 301 1.375
44 301 1.40332
46 301 1.41602
48 301 1.35645
50 301 1.4043
0 331 0
2 331 1.78091
4 331 1.83969
6 331 1.77193
8 331 1.8045
10 331 1.75787
12 331 1.76102
14 331 1.80176
16 331 1.77539
18 331 1.76172
20 331 1.75488
22 331 1.76367
24 331 1.80469
26 331 1.73828
28 331 1.78418
30 331 1.71777
32 331 1.74902
34 331 1.7168
36 331 1.73633
38 331 1.76367
40 331 1.76855
42 331 1.75
44 331 1.74023
46 331 1.77051
48 331 1.75586
50 331 1.73926
0 361 0
2 361 1.55238
4 361 1.58843
6 361 1.57029
8 361 1.54429
10 361 1.5914
12 361 1.60802
14 361 1.59766
16 361 1.57812
18 361 1.56445
20 361 1.5498
22 361 1.61816
24 361 1.55859
26 361 1.60156
28 361 1.58594
30 361 1.58301
32 361 1.61816
34 361 1.57031
36 361 1.64551
38 361 1.58203
40 361 1.60547
42 361 1.63379
44 361 1.6123
46 361 1.61816
48 361 1.55371
50 361 1.62598
0 391 0
2 391 1.27835
4 391 1.36544
6 391 1.3549
8 391 1.37598
10 391 1.38867
12 391 1.43457
14 391 1.4082
16 391 1.4043
18 391 1.40625
20 391 1.4082
22 391 1.41211
24 391 1.40234
26 391 1.42773
28 391 1.36523
30 391 1.35742
32 391 1.43262
34 391 1.44629
36 391 1.39355
38 391 1.39551
40 391 1.42676
42 391 1.41113
44 391 1.41113
46 391 1.4043
48 391 1.39551
50 391 1.44043
0 421 0
2 421 1.14974
4 421 1.34643
6 421 1.20215
8 421 1.2207
10 421 1.26074
12 421 1.37207
14 421 1.31934
16 421 1.30957
18 421 1.31055
20 421 1.38965
22 421 1.33887
24 421 1.37598
26 421 1.35254
28 421 1.36621
30 421 1.28125
32 421 1.34863
34 421 1.29688
36 421 1.38086
38 421 1.30078
40 421 1.36328
42 421 1.27734
44 421 1.27734
46 421 1.30859
48 421 1.24512
50 421 1.35938
0 451 0
2 451 1.02921
4 451 1.31548
6 451 1.2561
8 451 1.3929
10 451 1.48758
12 451 1.4165
14 451 1.52252
16 451 1.44912
18 451 1.47461
20 451 1.4375
22 451 1.48633
24 451 1.47605
26 451 1.47949
28 451 1.45117
30 451 1.44531
32 451 1.49023
34 451 1.48438
36 451 1.44141
38 451 1.4502
40 451 1.4873
42 451 1.50684
44 451 1.39355
46 451 1.45117
48 451 1.54297
50 451 1.45996
0 481 0
2 481 1.31045
4 481 1.68939
6 481 1.84777
8 481 1.82514
10 481 1.66265
12 481 1.8236
14 481 1.81335
16 481 1.83671
18 481 1.77778
20 481 1.83728
22 481 1.77036
24 481 1.78039
26 481 1.80705
28 481 1.69306
30 481 1.81836
32 481 1.76758
34 481 1.71484
36 481 1.79785
38 481 1.73828
40 481 1.76758
42 481 1.73633
44 481 1.74609
46 481 1.72363
48 481 1.72363
50 481 1.71484
0 511 0
2 511 1
4 511 0
6 511 1.96829
8 511 1.97817
10 511 1.97444
12 511 1.95789
14 511 1.96171
16 511 1.94342
18 511 1.86878
20 511 1.92755
22 511 1.93314
24 511 1.94423
26 511 1.93744
28 511 1.9209
30 511 1.7931
32 511 1.88224
34 511 1.82566
36 511 1.94531
38 511 1.81934
40 511 1.91016
42 511 1.88477
44 511 1.84457
46 511 1.81543
48 511 1.84961
50 511 1.85645
0 541 0
2 541 1
4 541 1.52477
6 541 1.75728
8 541 1.95923
10 541 1.87466
12 541 1.87901
14 541 1.89579
16 541 1.93615
18 541 1.90061
20 541 1.85484
22 541 1.92217
24 541 1.95797
26 541 1.93164
28 541 1.96484
30 541 1.94824
32 541 1.93457
34 541 1.91953
36 541 1.93164
38 541 1.9082
40 541 1.94629
42 541 1.89355
44 541 1.83984
46 541 1.73535
48 541 1.90625
50 541 1.91992
0 571 0
2 571 0
4 571 1.52052
6 571 1
8 571 1.73312
10 571 1.75
12 571 1.91244
14 571 1.71111
16 571 1.75
18 571 1.90657
20 571 1.89286
22 571 1.91403
24 571 1.7668
26 571 1.56105
28 571 1.92473
30 571 1.9233
32 571 1.55176
34 571 1.95312
36 571 1.90588
38 571 1.94922
40 571 1.94238
42 571 1.9248
44 571 1.64551
46 571 1.91406
48 571 1.90332
50 571 1.9248
0 601 0
2 601 0
4 601 0
6 601 0
8 601 1.74527
10 601 1.76503
12 601 1.64424
14 601 0
16 601 1.64037
18 601 1.62244
20 601 1.76291
22 601 1.8169
24 601 1.75
26 601 1.54012
28 601 1.75263
30 601 1.90518
32 601 1.75391
34 601 1.9248
36 601 1.81934
38 601 1.88965
40 601 1.89638
42 601 1.82647
44 601 1.8916
46 601 1.55227
48 601 1.75
50 601 1.9209
0 631 0
2 631 0
4 631 1
6 631 1.53623
8 631 0
10 631 1.3427
12 631 1.48471
14 631 1.50493
16 631 1.75
18 631 1.43854
20 631 1.67963
22 631 1.51562
24 631 1.75
26 631 1.75098
28 631 1.50586
30 631 1.46521
32 631 0
34 631 1.55176
36 631 1.61891
38 631 1.53125
40 631 1.83887
42 631 1.75
44 631 1.75
46 631 1.80742
48 631 1.56287
50 631 1.76256
0 661 0
2 661 0
4 661 0
6 661 0
8 661 0
10 661 0
12 661 1
14 661 0
16 661 0
18 661 1.51465
20 661 1.75
22 661 0
24 661 1.52734
26 661 1.75
28 661 1.43326
30 661 1.38529
32 661 1.33888
34 661 1.50907
36 661 1.35288
38 661 1.75391
40 661 1.75
42 661 1.60508
44 661 1.37305
46 661 1.61319
48 661 1.54102
50 661 1.35484
0 691 0
2 691 0
4 691 0
6 691 0
8 691 0
10 691 0
12 691 1.69045
14 691 1.72414
16 691 1.30556
18 691 1.74778
20 691 1.66667
22 691 1.25
24 691 1.5
26 691 1.27832
28 691 1.27637
30 691 1.30333
32 691 0
34 691 1.75
36 691 1.2998
38 691 1.25
40 691 1.75293
42 691 1.2
44 691 1.29447
46 691 1.39062
48 691 1.35156
50 691 1.38379
0 721 0
2 721 0
4 721 0
6 721 0
8 721 0
10 721 0
12 721 0
14 721 1.25
16 721 0
18 721 1.33333
20 721 1.33333
22 721 0
24 721 1.5
26 721 1.28125
28 721 0
30 721 1.75
32 721 1.75
34 721 1.29102
36 721 1.12329
38 721 1.25586
40 721 1.07324
42 721 1.34505
44 721 1.5
46 721 1.25
48 721 1.50293
50 721 1.26855
0 751 0
2 751 0
4 751 0
6 751 0
8 751 0
10 751 0
12 751 0
14 751 0
16 751 0
18 751 0
20 751 0
22 751 1.49606
24 751 1.66667
26 751 0
28 751 0
30 751 1.5
32 751 1.66667
34 751 0
36 751 1.5
38 751 1.25879
40 751 1.5
42 751 1.66667
44 751 1.5
46 751 1.5
48 751 1.75
50 751 1.02832
0 781 0
2 781 0
4 781 0
6 781 0
8 781 0
10 781 0
12 781 0
14 781 0
16 781 0
18 781 0
20 781 0
22 781 0
24 781 0
26 781 0
28 781 0
30 781 0
32 781 1.02474
34 781 1.33333
36 781 0
38 781 1
40 781 1.33464
42 781 1.75
44 781 0
46 781 1.33333
48 781 1.50684
50 781 1.01953
0 811 0
2 811 0
4 811 0
6 811 0
8 811 0
10 811 0
12 811 0
14 811 0
16 811 0
18 811 0
20 811 0
22 811 0
24 811 1.3015
26 811 0
28 811 0
30 811 0
32 811 1.58238
34 811 1
36 811 1.64787
38 811 0
40 811 1.488
42 811 1.74951
44 811 0
46 811 0
48 811 1.33333
50 811 1.50195
0 841 0
2 841 0
4 841 0
6 841 0
8 841 0
10 841 0
12 841 0
14 841 0
16 841 0
18 841 0
20 841 0
22 841 0
24 841 0
26 841 0
28 841 0
30 841 1.10175
32 841 0
34 841 0
36 841 0
38 841 1
40 841 1.26263
42 841 1.56089
44 841 1.44227
46 841 1.46218
48 841 1.21516
50 841 1.00391
0 871 0
2 871 0
4 871 0
6 871 0
8 871 0
10 871 0
12 871 0
14 871 0
16 871 0
18 871 0
20 871 0
22 871 0
24 871 0
26 871 0
28 871 0
30 871 0
32 871 0
34 871 1
36 871 1
38 871 1
40 871 0
42 871 0
44 871 1.07581
46 871 1.00391
48 871 1.11419
50 871 0
0 901 0
2 901 0
4 901 0
6 901 0
8 901 0
10 901 0
12 901 0
14 901 0
16 901 0
18 901 0
20 901 0
22 901 0
24 901 0
26 901 0
28 901 0
30 901 0
32 901 0
34 901 0
36 901 0
38 901 0
40 901 0
42 901 0
44 901 0
46 901 0
48 901 0
50 901 0
0 931 0
2 931 0
4 931 0
6 931 0
8 931 0
10 931 0
12 931 0
14 931 0
16 931 0
18 931 0
20 931 0
22 931 0
24 931 0
26 931 0
28 931 0
30 931 0
32 931 0
34 931 0
36 931 0
38 931 0
40 931 0
42 931 0
44 931 0
46 931 0
48 931 1
50 931 1.00391
0 961 0
2 961 0
4 961 0
6 961 0
8 961 0
10 961 0
12 961 0
14 961 0
16 961 0
18 961 0
20 961 0
22 961 0
24 961 0
26 961 0
28 961 0
30 961 0
32 961 0
34 961 0
36 961 0
38 961 0
40 961 0
42 961 0
44 961 0
46 961 0
48 961 0
50 961 1.01124
0 991 0
2 991 0
4 991 0
6 991 0
8 991 0
10 991 0
12 991 0
14 991 0
16 991 0
18 991 0
20 991 0
22 991 0
24 991 0
26 991 0
28 991 0
30 991 0
32 991 0
34 991 0
36 991 0
38 991 0
40 991 0
42 991 0
44 991 0
46 991 0
48 991 0
50 991 0
0 1021 0
2 1021 0
4 1021 0
6 1021 0
8 1021 0
10 1021 0
12 1021 0
14 1021 0
16 1021 0
18 1021 0
20 1021 0
22 1021 0
24 1021 0
26 1021 0
28 1021 0
30 1021 0
32 1021 0
34 1021 0
36 1021 0
38 1021 1.66667
40 1021 0
42 1021 0
44 1021 0
46 1021 0
48 1021 0
50 1021 0
0 1051 0
2 1051 0
4 1051 0
6 1051 0
8 1051 0
10 1051 0
12 1051 0
14 1051 0
16 1051 0
18 1051 0
20 1051 0
22 1051 0
24 1051 0
26 1051 0
28 1051 0
30 1051 0
32 1051 0
34 1051 0
36 1051 0
38 1051 0
40 1051 0
42 1051 0
44 1051 0
46 1051 0
48 1051 0
50 1051 0
0 1081 0
2 1081 0
4 1081 0
6 1081 0
8 1081 0
10 1081 0
12 1081 0
14 1081 0
16 1081 0
18 1081 0
20 1081 0
22 1081 0
24 1081 0
26 1081 0
28 1081 0
30 1081 0
32 1081 0
34 1081 0
36 1081 0
38 1081 0
40 1081 0
42 1081 0
44 1081 0
46 1081 0
48 1081 0
50 1081 0
0 1111 0
2 1111 0
4 1111 0
6 1111 0
8 1111 0
10 1111 0
12 1111 0
14 1111 0
16 1111 0
18 1111 0
20 1111 0
22 1111 0
24 1111 0
26 1111 0
28 1111 0
30 1111 0
32 1111 0
34 1111 0
36 1111 0
38 1111 0
40 1111 0
42 1111 0
44 1111 0
46 1111 0
48 1111 0
50 1111 0
0 1141 0
2 1141 0
4 1141 0
6 1141 0
8 1141 0
10 1141 0
12 1141 0
14 1141 0
16 1141 0
18 1141 0
20 1141 0
22 1141 0
24 1141 0
26 1141 0
28 1141 0
30 1141 0
32 1141 0
34 1141 0
36 1141 0
38 1141 0
40 1141 0
42 1141 0
44 1141 0
46 1141 0
48 1141 0
50 1141 0
0 1171 0
2 1171 0
4 1171 0
6 1171 0
8 1171 0
10 1171 0
12 1171 0
14 1171 0
16 1171 0
18 1171 0
20 1171 0
22 1171 0
24 1171 0
26 1171 0
28 1171 0
30 1171 0
32 1171 0
34 1171 0
36 1171 0
38 1171 0
40 1171 0
42 1171 0
44 1171 0
46 1171 0
48 1171 0
50 1171 0
0 1201 0
2 1201 0
4 1201 0
6 1201 0
8 1201 0
10 1201 0
12 1201 0
14 1201 0
16 1201 0
18 1201 0
20 1201 0
22 1201 0
24 1201 0
26 1201 0
28 1201 0
30 1201 0
32 1201 0
34 1201 0
36 1201 0
38 1201 0
40 1201 0
42 1201 0
44 1201 0
46 1201 0
48 1201 0
50 1201 0
0 1231 0
2 1231 0
4 1231 0
6 1231 0
8 1231 0
10 1231 0
12 1231 0
14 1231 0
16 1231 0
18 1231 0
20 1231 0
22 1231 0
24 1231 0
26 1231 0
28 1231 0
30 1231 0
32 1231 0
34 1231 0
36 1231 0
38 1231 0
40 1231 0
42 1231 0
44 1231 0
46 1231 0
48 1231 0
50 1231 0
0 1261 0
2 1261 0
4 1261 0
6 1261 0
8 1261 0
10 1261 0
12 1261 0
14 1261 0
16 1261 0
18 1261 0
20 1261 0
22 1261 0
24 1261 0
26 1261 0
28 1261 0
30 1261 0
32 1261 0
34 1261 0
36 1261 0
38 1261 0
40 1261 0
42 1261 0
44 1261 0
46 1261 0
48 1261 0
50 1261 0
0 1291 0
2 1291 0
4 1291 0
6 1291 0
8 1291 0
10 1291 0
12 1291 0
14 1291 0
16 1291 0
18 1291 0
20 1291 0
22 1291 0
24 1291 0
26 1291 0
28 1291 0
30 1291 0
32 1291 0
34 1291 0
36 1291 0
38 1291 0
40 1291 0
42 1291 0
44 1291 0
46 1291 0
48 1291 0
50 1291 0
0 1321 0
2 1321 0
4 1321 0
6 1321 0
8 1321 0
10 1321 0
12 1321 0
14 1321 0
16 1321 0
18 1321 0
20 1321 0
22 1321 0
24 1321 0
26 1321 0
28 1321 0
30 1321 0
32 1321 0
34 1321 0
36 1321 0
38 1321 0
40 1321 0
42 1321 0
44 1321 0
46 1321 0
48 1321 0
50 1321 0
0 1351 0
2 1351 0
4 1351 0
6 1351 0
8 1351 0
10 1351 0
12 1351 0
14 1351 0
16 1351 0
18 1351 0
20 1351 0
22 1351 0
24 1351 0
26 1351 0
28 1351 0
30 1351 0
32 1351 0
34 1351 0
36 1351 0
38 1351 0
40 1351 0
42 1351 0
44 1351 0
46 1351 0
48 1351 0
50 1351 0
0 1381 0
2 1381 0
4 1381 0
6 1381 0
8 1381 0
10 1381 0
12 1381 0
14 1381 0
16 1381 0
18 1381 0
20 1381 0
22 1381 0
24 1381 0
26 1381 0
28 1381 0
30 1381 0
32 1381 0
34 1381 0
36 1381 0
38 1381 0
40 1381 0
42 1381 0
44 1381 0
46 1381 0
48 1381 0
50 1381 1.125
0 1411 0
2 1411 0
4 1411 0
6 1411 0
8 1411 0
10 1411 0
12 1411 0
14 1411 0
16 1411 0
18 1411 0
20 1411 0
22 1411 0
24 1411 0
26 1411 0
28 1411 0
30 1411 0
32 1411 0
34 1411 0
36 1411 0
38 1411 0
40 1411 0
42 1411 0
44 1411 0
46 1411 0
48 1411 0
50 1411 0
0 1441 0
2 1441 0
4 1441 0
6 1441 0
8 1441 0
10 1441 0
12 1441 0
14 1441 0
16 1441 0
18 1441 0
20 1441 0
22 1441 0
24 1441 0
26 1441 0
28 1441 0
30 1441 0
32 1441 0
34 1441 0
36 1441 0
38 1441 0
40 1441 0
42 1441 0
44 1441 0
46 1441 0
48 1441 0
50 1441 0
0 1471 0
2 1471 0
4 1471 0
6 1471 0
8 1471 0
10 1471 0
12 1471 0
14 1471 0
16 1471 0
18 1471 0
20 1471 0
22 1471 0
24 1471 0
26 1471 0
28 1471 0
30 1471 0
32 1471 0
34 1471 0
36 1471 0
38 1471 0
40 1471 0
42 1471 0
44 1471 0
46 1471 0
48 1471 0
50 1471 1.28571
0 1501 0
2 1501 0
4 1501 0
6 1501 0
8 1501 0
10 1501 0
12 1501 0
14 1501 0
16 1501 0
18 1501 0
20 1501 0
22 1501 0
24 1501 0
26 1501 0
28 1501 0
30 1501 0
32 1501 0
34 1501 0
36 1501 0
38 1501 0
40 1501 0
42 1501 0
44 1501 0
46 1501 0
48 1501 0
50 1501 0
